12222222222222222222222 12222222222222222 122222222222222222222 12222222222222222222

12222222222222222222222 12222222222222222 122222222222222222222 12222222222222222222

12222222222222222222222 12222222222222222 122222222222222222222 12222222222222222222

12222222222222222222222 12222222222222222 122222222222222222222 12222222222222222222

12222222222222222222222 12222222222222222 122222222222222222222 12222222222222222222

12222222222222222222222 12222222222222222 122222222222222222222 12222222222222222222

12222222222222222222222 12222222222222222 122222222222222222222 12222222222222222222

12222222222222222222222 12222222222222222 122222222222222222222 12222222222222222222

12222222222222222222222 12222222222222222 122222222222222222222 12222222222222222222

12222222222222222222222 12222222222222222 122222222222222222222 12222222222222222222

12222222222222222222222 12222222222222222 122222222222222222222 12222222222222222222

12222222222222222222222 12222222222222222 122222222222222222222 12222222222222222222

12222222222222222222222 12222222222222222 122222222222222222222 12222222222222222222

12222222222222222222222 12222222222222222 122222222222222222222 12222222222222222222

12222222222222222222222 12222222222222222 122222222222222222222 12222222222222222222

12222222222222222222222 12222222222222222 122222222222222222222 12222222222222222222

12222222222222222222222 12222222222222222 122222222222222222222 12222222222222222222

12222222222222222222222 12222222222222222 122222222222222222222 12222222222222222222

12222222222222222222222 12222222222222222 122222222222222222222 12222222222222222222